"plot"	"ID"	"sp"	"Al"	"B"	"Ca"	"Cu"	"Fe"	"K.conc"	"Mg"	"Mn"	"Na"	"P.conc"	"Zn"	"C"	"N.conc"	"Delta13C"	"Delta15N"	"Cnratio"	"Cpratio"	"Npratio"	"N"	"P"	"K"	"block"	"repl"	"micro"	"tmt"
1	"43627"	"HEISCO"	0.072749414	0.079616608	12.38663176	0.000923924	0.06530239	11.44346716	3.741535519	0.228189391	0.493356103	2.344616551	0.019976162	47.55702096	2.201079048	-34.63049795	2.375937313	21.60623036	202.8349623	9.38779967	0	1	0	1	1	0	"P"
1	"47581"	"TET2PA"	0.055881663	0.050885239	5.101484062	0.004923948	0.053259547	8.70703752	2.759564449	0.43440934	1.181712949	0.952649414	0.012585599	44.2761042	1.753617248	-35.64030054	2.953868603	25.24844246	464.768083	18.40779223	0	1	0	1	1	0	"P"
1	"MG005"	"ALSEBL"	0.062279623	0.069160319	7.688783765	0.018742198	0.103401872	32.28002672	3.870274988	0.13019615	0.418408089	2.48807649	0.02134488	42.83275969	3.877959964	-35.65719738	0.36233387	11.04517842	172.1521017	15.58617663	0	1	0	1	1	0	"P"
2	"9601"	"TET2PA"	0.090525399	0.071081703	6.275596196	0.004257821	0.082764308	4.547857974	1.254927547	0.572492365	0.748541124	0.682179683	0.012001813	48.36779687	2.199588803	-34.30935844	0.050903897	21.98947222	709.0184315	32.2435402	0	0	1	1	1	0	"K"
2	"MG004"	"ALSEBL"	0.067367665	0.073639183	11.2666548	0.017310073	0.108975017	34.42590012	2.94212434	0.07697558	0.438127016	1.203253943	0.019020606	42.96328599	4.090860963	-34.67149003	1.780123237	10.50226013	357.0591749	33.99831755	0	0	1	1	1	0	"K"
2	"9615"	"HEISCO"	0.050183519	0.026278792	7.130459861	0.00688133	0.048980531	12.67992996	3.258574645	0.161783118	0.12849366	1.013845346	0.01831623	48.36931203	2.408730481	-34.00901976	0.546346668	20.08083196	477.0876762	23.75836206	0	0	1	1	1	0	"K"
3	"13384"	"HEISCO"	0.076807682	0.045999216	7.643174428	0.005247717	0.084064823	20.60940185	3.613720256	0.09762509	0.277032001	1.323121358	0.015198393	48.00075349	2.593718576	-35.28442161	-1.706609083	18.50653881	362.7842087	19.60302855	1	1	0	2	1	0	"NP"
3	"6391"	"TET2PA"	0.088037857	0.043054153	4.434043254	-0.001532316	0.060667526	10.06640416	2.179212278	0.323567403	0.933683225	0.934736684	0.011773117	43.17649881	1.470173114	-35.48476709	0.244822958	29.36830935	461.9108198	15.72820602	1	1	0	2	1	0	"NP"
3	"MG007"	"ALSEBL"	0.105730672	0.068373848	8.016397809	0.014589598	0.115898588	27.95210197	5.718174775	0.108787464	1.14754313	1.957349221	0.018297618	42.76120598	3.340344252	-35.56724677	-3.615692405	12.80143685	218.4648785	17.06565295	1	1	0	2	1	0	"NP"
4	"43634"	"TET2PA"	0.123374842	0.076998523	6.361501903	0.007400923	0.074407006	6.287888367	2.135087668	0.733473944	1.972493074	0.696697822	0.00946541	40.96092791	1.726861188	-34.02579664	0.24371471	23.71987291	587.9296109	24.78637272	1	0	0	1	1	0	"N"
4	"8611"	"HEISCO"	0.061509338	0.059827707	10.98686948	0.003443091	0.082979997	9.185818858	4.019232476	0.292809556	0.18872244	0.914020985	0.020599442	48.34349155	2.213429949	-34.28057008	1.28003438	21.84098556	528.9100835	24.21640187	1	0	0	1	1	0	"N"
4	"MG006"	"ALSEBL"	0.130344881	0.080099017	12.30259585	0.014104138	0.151516018	22.60505063	5.897423503	0.223932983	0.582666889	1.173904313	0.021194306	43.073946	4.094043031	-34.83773963	0.275243165	10.52112684	366.9289356	34.87544075	1	0	0	1	1	0	"N"
5	"MG003"	"ALSEBL"	0.13106519	0.067527547	8.951468304	-0.223372042	0.104276035	31.92354151	4.816015347	0.208622814	3.468872691	2.054861102	0.016172132	42.26165772	3.545254054	-35.6921361	-3.447201797	11.92062884	205.6667367	17.25301068	1	1	1	1	1	0	"NPK"
5	"9690"	"HEISCO"	0.084070849	0.069877038	11.26607227	-0.073549399	0.073502552	9.883670269	3.858604678	0.27147954	0.439539255	1.106709903	0.021785331	48.98114383	2.376610747	-36.17003484	-1.577647569	20.60966184	442.5834061	21.47455933	1	1	1	1	1	0	"NPK"
5	"9688"	"TET2PA"	0.071174769	0.044127553	6.219445455	-0.008375181	0.054023179	9.869633233	2.486470626	0.354078397	1.205150067	1.07060342	0.009511921	42.6605379	1.484569887	-35.9243221	-1.094214238	28.73595799	398.4719	13.8666649	1	1	1	1	1	0	"NPK"
6	"43506"	"TET2PA"	0.083839077	0.06094057	6.067729256	0.003200967	0.045910049	7.932132236	2.54674319	0.492069215	1.535618459	0.813995411	0.013215899	41.71137254	1.405078336	-34.66086753	0.857789643	29.68615447	512.4276128	17.26150193	0	0	0	2	1	0	"CTL"
6	"MG008"	"ALSEBL"	0.090636367	0.074829759	10.70427168	0.07637778	0.093653693	23.82383695	4.817637047	0.056318128	0.745093514	1.441279508	0.022035026	43.77858782	3.382601784	-34.65157992	-1.697054629	12.94228249	303.7480766	23.46943647	0	0	0	2	1	0	"CTL"
6	"41538"	"HEISCO"	0.059231369	0.035270848	9.06273036	0.005154022	0.063546801	10.29130777	3.612422644	0.125602867	0.19721446	0.963640961	0.025936578	49.05766105	2.147383546	-34.4726914	0.141498641	22.8453185	509.0865068	22.28406256	0	0	0	2	1	0	"CTL"
7	"41758"	"TET2PA"	0.064915033	0.04955441	6.098527797	0.010733175	0.057894259	8.084122312	2.542316119	0.422156431	1.341139288	1.256944211	0.010425986	43.40506339	1.599172488	-34.53580214	0.674632819	27.14220243	345.3221154	12.72270061	0	1	1	2	1	0	"PK"
7	"8005"	"HEISCO"	0.044506244	0.065744497	10.85542167	0.009819833	0.065915214	10.90757425	4.895804876	0.364375348	0.201328956	1.571723653	0.018431605	48.23731192	2.410475582	-35.04150294	-0.664628839	20.01153311	306.9070814	15.33651019	0	1	1	2	1	0	"PK"
7	"15162"	"ALSEBL"	0.150867193	0.056163966	10.23082518	0.014833446	0.12526081	27.05559467	4.607377615	0.082601878	0.934884231	3.487199498	0.029292235	42.59265717	3.377314048	-33.54008183	-0.173806911	12.61139964	122.1400072	9.684889119	0	1	1	2	1	0	"PK"
8	"8813"	"TET2PA"	0.065544364	0.068228164	7.515566811	0.006374258	0.065479597	7.4137985	2.165150498	0.262415686	1.683158063	0.731308174	0.013280731	43.74206591	1.492281284	-36.66238415	-0.165740549	29.31221237	598.1345138	20.40564207	0	0	0	0	0	1	"MICRO"
8	"13904"	"HEISCO"	0.049826838	0.048371681	10.70873425	0.005414638	0.063774933	8.456410981	4.639380131	0.064030902	0.144991503	0.817687039	0.017976951	49.29903277	2.234808643	-33.72866635	0.376969408	22.05962149	602.9083305	27.33085564	0	0	0	0	0	1	"MICRO"
8	"MG045"	"ALSEBL"	0.078319091	0.078954117	10.59607789	0.031016275	0.118595376	24.9518162	5.661951875	0.083648492	0.942285887	1.314597292	0.028652413	43.15125246	3.565037466	-35.74701524	-0.679879161	12.10401093	328.2469294	27.11885599	0	0	0	0	0	1	"MICRO"
9	"37674"	"TET2PA"	0.018749466	0.025703264	3.578989935	0.01000159	0.032864902	15.07307024	2.190012944	0.317852652	0.112599321	1.469888904	0.017909851	44.20922895	1.677181509	-33.89595089	0.150048057	26.35923943	300.7657847	11.41026036	1	0	1	1	2	0	"NK"
9	"9808"	"HEISCO"	0.847688696	0.043415392	7.914878682	0.005516877	0.871520396	11.02323471	3.575402394	0.215222122	0.118848154	0.951972832	0.018652138	43.74931953	3.725342045	-35.54613115	-1.639752765	11.74370541	459.5647906	39.13286093	1	0	1	1	2	0	"NK"
9	"MG016"	"ALSEBL"	0.149553297	0.081118908	7.546639244	0.01446581	0.144733838	35.92606575	2.950291729	0.117013047	0.755774312	1.247959419	0.017555718	42.98197835	4.051288029	-33.59068263	0.492002623	10.60946001	344.4180773	32.46329943	1	0	1	1	2	0	"NK"
10	"MG009"	"ALSEBL"	0.147863184	0.063083678	7.637494536	0.080966028	0.135254291	28.38896554	3.168241835	0.262694151	0.311954188	1.02257704	0.018735967	44.09735904	3.860457035	-36.12402425	-1.867254251	11.42283378	431.2375234	37.75223658	1	0	1	2	1	0	"NK"
10	"6292"	"HEISCO"	0.054283474	0.027883815	8.761022418	0.016509292	0.053689173	13.04704449	3.486344688	0.124685551	0.151180805	0.83281701	0.013802841	48.23308715	2.127957494	-34.95045774	-1.231428572	22.66637717	579.1558842	25.55132123	1	0	1	2	1	0	"NK"
10	"41559"	"TET2PA"	0.117914346	0.058341001	4.704917535	0.012724609	0.059811453	6.668364485	2.755668048	0.481121469	1.328150088	0.650652655	0.01138284	41.52843913	1.438524623	-34.09414942	0.34894097	28.86877185	638.258198	22.10894877	1	0	1	2	1	0	"NK"
11	"MG010"	"ALSEBL"	0.219521712	0.06720777	14.08769389	0.015589996	0.129620541	25.34771005	5.634857152	0.078486813	0.608317402	1.072515347	0.027520736	42.71868694	3.852315855	-36.12446644	-1.524519396	11.08909252	398.3037357	35.91851496	1	0	0	2	2	0	"N"
11	"7747"	"TET2PA"	0.118210235	0.047120576	6.831250573	0.009008258	0.080641336	4.082310622	2.872665533	0.401088175	1.039206338	0.769981365	0.015593344	45.30102103	1.86298423	-33.7610552	1.117145704	24.31637385	588.3391873	24.19518596	1	0	0	2	2	0	"N"
12	"MG017"	"TET2PA"	0.084562864	0.049856361	7.01776557	-0.001298957	0.062455909	7.197454844	2.69576707	0.304904002	1.279429812	0.678370955	0.013777607	42.53827069	1.576169826	-34.89632273	-0.575459476	26.9883803	627.0650354	23.23463018	0	0	0	1	2	0	"CTL"
12	"41315"	"HEISCO"	0.04075963	0.055666542	11.07245762	0.003288622	0.047998801	11.39801242	4.194139087	0.139403054	0.175985011	1.003676446	0.02050986	48.82085883	2.270056031	-35.58810877	-0.284061017	21.50645542	486.4202902	22.61740862	0	0	0	1	2	0	"CTL"
12	"MG018"	"ALSEBL"	0.12047813	0.074661566	10.64368798	-0.012186257	0.103948422	22.56342946	5.627286714	0.154752853	0.56551498	1.202566529	0.024761786	42.66489802	3.028821726	-35.47620698	-0.948202849	14.08630216	354.7820181	25.18631321	0	0	0	1	2	0	"CTL"
13	"47079"	"ALSEBL"	0.108903994	0.080032642	12.18606673	0.019432922	0.139436425	31.14162944	4.880813419	0.065179051	0.475914808	2.784737631	0.028923822	42.61886489	3.319694821	-34.38890238	-0.598474191	12.8381876	153.0444535	11.92103265	0	1	1	1	2	0	"PK"
13	"8976"	"HEISCO"	0.081121678	0.049767036	7.615490755	0.009188906	0.072222128	18.25332542	3.537312579	0.065110175	0.268286321	2.023117873	0.017668077	47.39833079	2.299259692	-36.28318481	0.537661892	20.6146052	234.2835849	11.36493193	0	1	1	1	2	0	"PK"
13	"40713"	"TET2PA"	0.098839805	0.039560072	7.20378526	0.011415656	0.078394473	7.027126542	2.084444161	0.307028296	0.821325357	1.065864646	0.012326627	43.14711313	1.468197899	-35.8509396	0.635962474	29.38780472	404.8085588	13.77471243	0	1	1	1	2	0	"PK"
14	"13545"	"TET2PA"	0.088831495	0.041814424	6.161541572	0.008106767	0.062653314	8.298596862	2.089729938	0.292793514	0.948003203	1.12442444	0.011655725	43.94524053	1.552616593	-34.10554368	1.326512819	28.30398743	390.8243094	13.80810073	0	1	0	2	2	0	"P"
14	"11565"	"HEISCO"	0.108781346	0.053827754	11.18882687	0.012602709	0.087297751	13.71251731	4.655929328	0.166107855	0.287409686	1.938221845	0.017191901	48.19692031	2.300491376	-35.39552867	0.185581607	20.9507068	248.6656543	11.86908187	0	1	0	2	2	0	"P"
14	"MG011"	"ALSEBL"	0.110151221	0.065515354	13.05353213	0.011804239	0.118279192	26.60080125	5.670451627	0.046406177	0.93168367	2.020263398	0.018047651	42.85312803	3.977566089	-34.52679385	0.941525811	10.7737061	212.1165392	19.68835396	0	1	0	2	2	0	"P"
15	"MG020"	"ALSEBL"	0.381763895	0.088531956	17.11459367	0.020714286	0.329859939	13.24687137	8.116657187	0.100623669	0.702195117	1.882167747	0.020274436	42.48128899	3.715218322	-34.16231652	-0.213553939	11.43439909	225.7040536	19.73903936	1	1	0	1	2	0	"NP"
15	"MG021"	"HEISCO"	0.073072614	0.031480151	9.958677326	0.013272319	0.064631379	7.821161977	4.106019895	0.082159995	0.227382888	1.390899378	0.021179102	49.30807989	2.583740813	-32.69699259	0.297644455	19.08398847	354.5050108	18.57604407	1	1	0	1	2	0	"NP"
15	"MG019"	"TET2PA"	0.06257218	0.040807855	6.199763307	-0.064007495	0.04441798	7.761580729	2.915300824	0.388264103	0.299649984	1.044293965	0.012917181	44.18331243	1.566404032	-34.67239128	2.468159581	28.2068429	423.0926722	14.9996465	1	1	0	1	2	0	"NP"
16	"53719"	"TET2PA"	0.076368096	0.032687535	7.665776821	0.002928059	0.054350421	8.212806139	2.636250374	0.114455011	1.128888205	0.483555005	0.009553549	43.25349397	1.36067222	-34.74552966	1.250235982	31.78832736	894.4896346	28.13893365	0	0	0	0	0	1	"MICRO"
16	"MG041"	"ALSEBL"	0.067110532	0.073663325	12.54204255	0.019848626	0.096211045	25.1763551	4.200295315	0.04081542	0.564706167	1.353208488	0.025484513	43.10535361	4.326154447	-34.28208392	0.815425363	9.963896142	318.5418507	31.96960769	0	0	0	0	0	1	"MICRO"
16	"41271"	"HEISCO"	0.085545209	0.05074385	10.51649597	0.004961421	0.066843541	8.768845383	3.939288471	0.072234698	0.221391443	0.881995158	0.024180046	48.87738225	2.351038319	-34.47646684	-0.171589438	20.78970039	554.1683742	26.6559096	0	0	0	0	0	1	"MICRO"
17	"MG014"	"TET2PA"	0.115258061	0.046973273	6.761555077	0.022476853	0.094546388	5.159582159	3.049851099	0.515699909	1.104060576	1.082965961	0.009813218	43.92349092	1.72904204	-33.89467477	0.943507343	25.40336782	405.5851478	15.96580228	1	1	1	2	2	0	"NPK"
17	"MG015"	"ALSEBL"	0.175613423	0.072090272	18.46833727	0.0244211	0.142097358	26.49979898	5.272484418	0.091880442	0.704117567	2.120770827	0.019150781	41.77949929	4.127934592	-35.83180153	-1.862512742	10.12116311	197.0014806	19.4643124	1	1	1	2	2	0	"NPK"
17	"MG013"	"HEISCO"	0.053217032	0.032415466	8.7500429	0.010427141	0.064383867	11.67113331	3.272692039	0.200094309	0.227438818	1.173464015	0.012165324	49.06654306	2.576062185	-35.06961376	0.077715394	19.04711126	418.1341945	21.95263044	1	1	1	2	2	0	"NPK"
18	"MG012"	"ALSEBL"	0.206095197	0.079950991	11.65110154	0.018169753	0.203584179	20.94504286	4.005097431	0.055737004	0.572514129	1.194297572	0.037700621	43.50677868	3.362872307	-35.32022879	-0.059955429	12.93738647	364.2875922	28.15774214	0	0	1	2	2	0	"K"
18	"37759"	"TET2PA"	0.092894678	0.050315416	5.481179139	0.004841269	0.056897109	7.193691069	2.14549294	0.365156171	0.898547718	0.725378585	0.010790182	43.19695516	1.474653502	-35.16472737	0.475465787	29.29295263	595.5091048	20.32943256	0	0	1	2	2	0	"K"
18	"6761"	"HEISCO"	0.085653355	0.05023457	11.96144138	0.009663573	0.084635637	11.60064942	3.572864691	0.208121756	0.339217199	0.860474257	0.015276032	47.99258371	2.420907072	-35.42135279	-0.241328488	19.82421559	557.7457238	28.13456711	0	0	1	2	2	0	"K"
19	"MG022"	"TET2PA"	0.103340559	0.051532394	5.737391178	0.015783906	0.07737736	9.557739522	2.051145001	0.316200451	1.054997886	0.778577046	0.012846608	43.05149896	1.529422738	-35.34016365	2.649232105	28.14885504	552.9510428	19.64382004	0	0	1	1	3	0	"K"
19	"52217"	"HEISCO"	0.056009979	0.027365024	7.735599551	0.017869586	0.055288014	15.42756296	3.009457109	0.086001808	0.18072932	1.053021265	0.020066504	48.92265534	2.348651735	-34.6643966	1.606298496	20.83010206	464.5932325	22.30393452	0	0	1	1	3	0	"K"
19	"9170"	"ALSEBL"	0.117558638	0.088309012	12.83147526	0.023461969	0.13821057	37.06466735	4.329885201	0.110445747	0.416929356	1.155170426	0.034473795	42.51772541	3.851952066	-32.96138246	2.39512104	11.03796846	368.0645248	33.34531406	0	0	1	1	3	0	"K"
20	"10193"	"HEISCO"	0.041631964	0.038336232	4.63626401	0.013262093	0.047480175	20.19441937	2.759454634	0.163771285	0.11685313	1.490950973	0.018047648	48.24919503	2.265632668	-35.28206033	2.228654886	21.29612435	323.6135587	15.1958898	1	1	1	1	3	0	"NPK"
20	"MG024"	"TET2PA"	0.069379272	0.037891528	7.055574129	0.006390308	0.053473733	5.7359441	3.255292775	0.720729078	0.737937524	0.877783719	0.009291007	43.37466029	1.734822175	-35.40524457	0.771636724	25.00236676	494.1383552	19.76366317	1	1	1	1	3	0	"NPK"
20	"MG023"	"ALSEBL"	0.147035531	0.051280698	8.925858947	0.014040466	0.120285913	29.84852477	3.835721726	0.103457216	0.533977683	2.775397836	0.022673519	43.43056439	4.214557546	-35.05907784	0.10309449	10.30489296	156.4841041	15.18541771	1	1	1	1	3	0	"NPK"
21	"7563"	"TET2PA"	0.130956048	0.053942762	6.068124441	0.024181817	0.055874665	8.316543227	1.594834	0.296624395	1.378394484	0.89734711	0.009368637	43.28467035	1.407885958	-34.9348953	0.803498134	30.74444354	482.3626203	15.68942433	0	1	1	2	3	0	"PK"
21	"8451"	"ALSEBL"	0.13293569	0.067864371	12.91684488	0.008815615	0.138324619	23.16504226	4.561057562	0.04377782	0.834512831	2.580758811	0.026128321	43.43169848	4.02746379	-33.67391662	0.228742369	10.78388304	168.2904202	15.60573492	0	1	1	2	3	0	"PK"
21	"7465"	"HEISCO"	0.069604425	0.055234802	12.34853495	0.014755617	0.067633212	8.975479075	3.927260306	0.171681526	0.214576737	1.918417506	0.031262415	49.58480529	2.281751968	-34.42540587	0.056791039	21.73102335	258.467227	11.89392799	0	1	1	2	3	0	"PK"
22	"6809"	"TET2PA"	0.128255716	0.063031959	5.579561279	-0.034794695	0.115265706	9.803084772	2.626365875	0.321606306	2.063634559	0.843156999	0.014351771	41.69450007	1.513795819	-34.7906434	0.537872269	27.54301441	494.5045834	17.95390207	1	1	0	2	3	0	"NP"
22	"42326"	"HEISCO"	0.073309191	0.042349735	13.41483804	-0.106397437	0.065105839	8.715013266	4.506035278	0.279394876	0.255560246	1.312331332	0.014772309	47.46288718	2.313166317	-35.90604397	-1.416766236	20.51857959	361.6684753	17.62638948	1	1	0	2	3	0	"NP"
22	"MG002"	"ALSEBL"	0.085625321	0.073527307	12.82189006	-0.015100258	0.111331784	13.72272355	8.651689336	0.073573419	0.851485974	2.243257295	0.016382026	43.01447483	3.994717303	-34.27095498	-1.826800704	10.76783952	191.7500722	17.80766438	1	1	0	2	3	0	"NP"
23	"MG026"	"ALSEBL"	1.087957124	0.059974285	9.959104425	0.016556982	0.98638725	23.51265891	2.99074285	0.193395757	0.381334215	1.136685441	0.017990612	48.83156635	2.241573002	-33.45538803	0.676680471	21.78450861	429.5961276	19.72025788	1	0	0	1	3	0	"N"
23	"9345"	"TET2PA"	0.10899308	0.051928877	7.043673455	0.206798003	0.058450115	7.437529055	3.055921982	0.385947655	1.051740513	0.642650632	0.009320857	43.0700561	1.431094571	-34.93965389	1.312536844	30.09588393	670.1939429	22.26862466	1	0	0	1	3	0	"N"
23	"9280"	"HEISCO"	0.066203384	0.048386898	9.918344224	0.229222729	0.071620751	10.15180735	3.193886866	0.327360983	0.158045303	0.869233003	0.017661517	49.71838623	2.439225856	-34.15127734	1.109190271	20.38285471	571.9799646	28.06181826	1	0	0	1	3	0	"N"
24	"MG025"	"TET2PA"	0.178575501	0.047356782	6.258760078	0.225037836	0.112378431	6.809035008	2.251156405	0.577965266	2.319482921	0.937637477	0.01271187	42.53595609	1.697256531	-36.38282224	0.148101509	25.06159517	453.6503404	18.10141523	0	1	0	1	3	0	"P"
24	"40905"	"HEISCO"	0.131367466	0.052567696	8.411776184	0.013585731	0.113380049	10.18408191	3.904230743	0.099365355	0.256164703	2.464024917	0.015958752	50.56684482	2.246867713	-34.92221612	0.513356027	22.50548375	205.2205092	9.118689093	0	1	0	1	3	0	"P"
24	"10290"	"ALSEBL"	0.122399125	0.067774607	6.850892063	0.009971498	0.121832416	22.77662941	3.542288987	0.123476565	1.166126852	1.973631943	0.016789537	43.33667801	3.426329435	-34.09922175	1.911620011	12.64813522	219.5783168	17.36052888	0	1	0	1	3	0	"P"
25	"MG042"	"TET2PA"	0.09048525	0.049044152	5.76085128	0.00737305	0.05355047	9.969290598	2.18996053	0.325199053	1.264486027	0.722784456	0.01119441	42.41515	1.503706315	-35.615551	1.463158511	28.20707047	586.8298584	20.80435326	0	0	0	0	0	1	"MICRO"
25	"MG044"	"HEISCO"	0.05660097	0.066443578	11.86304854	0.007410647	0.065475702	7.50541297	4.761453746	0.145568851	0.396447541	0.768332534	0.019124701	47.8955077	2.306227196	-36.00861775	0.88834481	20.76790517	623.3695122	30.0160034	0	0	0	0	0	1	"MICRO"
25	"MG046"	"ALSEBL"	0.179859626	0.075562659	14.00559076	0.026091194	0.215177313	28.55867137	5.293426502	0.08340249	1.671804896	1.147963136	0.028936989	42.40901186	3.768601441	-34.23718976	1.340119157	11.25324939	369.4283426	32.82859287	0	0	0	0	0	1	"MICRO"
26	"7339"	"HEISCO"	0.078391139	0.057006244	12.16140593	0.001591667	0.075455051	13.04534875	4.083705381	0.183458114	0.147301958	0.819891768	0.016047591	49.46581277	2.218124641	-35.53169895	-0.152461521	22.30073633	603.3212513	27.05387133	0	0	0	2	3	0	"CTL"
26	"7287"	"TET2PA"	0.096753144	0.067805283	7.458527132	0.002371856	0.065392384	6.496939368	2.112171336	0.503359097	1.501708966	0.679190775	0.011802962	41.18227713	1.540530489	-35.42234989	0.394399128	26.73252974	606.3432933	22.68185237	0	0	0	2	3	0	"CTL"
26	"MG001"	"ALSEBL"	0.086032458	0.052553568	10.15225575	0.004034265	0.097770094	29.01812047	3.721019539	0.056650858	0.473513435	1.376140129	0.026606543	42.96333149	3.456794891	-35.52608434	0.632545274	12.42866089	312.2017197	25.11949778	0	0	0	2	3	0	"CTL"
27	"11791"	"ALSEBL"	0.181613806	0.042208188	8.893633971	0.024651494	0.021513668	31.89255889	4.528002068	0.082982435	0.475017591	1.123006957	0.020964064	43.06907644	4.151888281	-34.0598531	-1.507405264	10.37337075	383.515669	36.97117151	1	0	1	2	3	0	"NK"
27	"417522"	"TET2PA"	0.13659798	0.056874802	5.831380983	0.004417296	0.081984546	7.281973153	2.157865353	0.409130662	0.828355098	0.709638449	0.010489077	43.76533934	1.515617404	-34.41791646	0.395477845	28.87624492	616.727284	21.35759985	1	0	1	2	3	0	"NK"
27	"43516"	"HEISCO"	0.063978167	0.039212529	5.367897404	0.002288162	0.066228922	11.7516981	3.564646832	0.382363494	0.203582553	0.943376375	0.017520155	49.75936046	2.52267131	-34.82901922	-0.703281331	19.72486874	527.4603201	26.74087859	1	0	1	2	3	0	"NK"
28	"MG028"	"TET2PA"	0.132443728	0.053180639	5.996999768	0.115706354	0.094513928	5.694970565	2.633026471	0.494830033	1.28284005	0.684583234	0.012556088	43.0895958	1.578347633	-34.88371549	0.700853055	27.30044694	629.4281495	23.05559872	1	0	0	1	4	0	"N"
28	"MG027"	"ALSEBL"	0.163862768	0.067649468	9.6576906	0.21806582	0.154902675	21.96963375	3.459054979	0.221814128	1.060303715	1.093047731	0.020188672	43.34538638	4.163739251	-35.0125954	0.408230343	10.41020673	396.5552934	38.09293165	1	0	0	1	4	0	"N"
28	"15163"	"HEISCO"	0.065653281	0.034329333	8.548700257	0.199265755	0.060302145	11.42004322	3.844336877	0.281472524	0.277341951	0.809568458	0.014848311	48.72907842	2.255309428	-35.94077293	0.06985595	21.60638262	601.9142413	27.85816821	1	0	0	1	4	0	"N"
29	"10696"	"HEISCO"	0.110628686	0.057227824	8.231811407	0.076574366	0.099259394	11.94799656	3.788629613	0.257742693	0.240443925	1.163273495	0.021303894	49.50106014	2.605904868	-35.03275674	1.441880417	18.99572802	425.5324338	22.40148065	1	1	1	1	4	0	"NPK"
29	"MG029"	"ALSEBL"	0.233381709	0.071428084	12.16847153	0.176071612	0.215008198	26.08632661	4.817282818	0.102187212	2.124510988	1.75183412	0.019311242	42.75263149	3.936656837	-33.90361655	2.025017352	10.86013672	244.0449755	22.47163012	1	1	1	1	4	0	"NPK"
29	"MG030"	"TET2PA"	0.099582633	0.044402962	4.773742686	0.217561873	0.081346907	6.515227202	2.260782353	0.461164662	1.306073449	1.186532429	0.010991199	44.15254718	1.894792578	-35.02212006	1.924386852	23.30204778	372.114121	15.96915964	1	1	1	1	4	0	"NPK"
30	"10399"	"HEISCO"	0.080618855	0.074788844	16.65114782	0.006610423	0.079938768	6.126493164	4.422575964	0.261219414	0.625663822	0.90640577	0.014849357	48.59220379	2.123514701	-34.8384205	0.526786983	22.88291377	536.0976884	23.42785949	0	1	0	1	4	0	"P"
30	"2332"	"TET2PA"	0.113899937	0.061989874	7.267019926	0.006339214	0.084478022	5.488505997	2.931971704	0.235167319	1.569257889	1.018653375	0.009061167	42.49416989	1.666411176	-33.7871607	0.833857916	25.50041099	417.1602524	16.35896192	0	1	0	1	4	0	"P"
31	"MG039"	"HEISCO"	0.089203901	0.069600148	13.36363679	0.004767939	0.08783318	10.59276034	4.857947658	0.142688401	0.433305003	0.947697228	0.01950391	47.65780763	2.158824102	-35.22603968	-0.480337074	22.07581784	502.8800997	22.77968152	0	0	0	0	0	1	"MICRO"
31	"MG040"	"TET2PA"	0.086980154	0.063476786	5.904434612	0.004993928	0.077386259	6.501128771	1.905288822	0.184687389	2.642191321	0.696811374	0.012158985	41.39979633	1.563018267	-34.87232932	0.786622703	26.48708412	594.1320402	22.43100968	0	0	0	0	0	1	"MICRO"
31	"MG043"	"ALSEBL"	0.204905747	0.085745077	13.59723377	0.015040645	0.243070318	18.92661036	7.668517333	0.12638108	1.117796748	1.273152465	0.034799401	41.9202188	2.87016583	-34.45680052	1.083797027	14.6055041	329.2631477	22.54377154	0	0	0	0	0	1	"MICRO"
32	"16962"	"ALSEBL"	0.140936493	0.086918054	13.2133955	0.02752827	0.151749969	25.91948483	5.534864614	0.061828916	0.961000944	1.306219637	0.021084661	43.22783444	3.651230553	-33.4062481	1.655357603	11.83925085	330.9384825	27.95265398	0	0	1	1	4	0	"K"
32	"46717"	"HEISCO"	0.106966412	0.052781558	12.5868006	0.008708923	0.100765003	12.41534253	3.842597548	0.099805155	0.47325415	0.750484051	0.016093177	49.18332819	2.283870191	-35.25269471	0.918616353	21.53508041	655.3547424	30.43196171	0	0	1	1	4	0	"K"
32	"MG038"	"TET2PA"	0.655580005	0.069224355	9.11205559	0.006437792	0.566804647	6.841737125	1.945753569	0.285200467	2.260261117	0.570597354	0.011920299	40.3434238	1.525932463	-34.96493405	0.80871456	26.43853826	707.0383959	26.74271887	0	0	1	1	4	0	"K"
33	"MG032"	"ALSEBL"	0.14570166	0.084303034	14.88738887	0.015867181	0.155813488	22.30812826	6.9228792	0.071739122	0.829097094	1.732477611	0.016424587	42.19633162	3.522176669	-35.86843247	1.978336283	11.980186	243.5606171	20.33028678	0	1	1	2	4	0	"PK"
33	"MG031"	"TET2PA"	0.054123359	0.026308431	4.85515331	0.245444025	0.055481441	14.30607888	2.15707583	0.177906739	0.264372644	1.28738631	0.013019013	43.0671173	1.677226987	-34.94927194	4.139883646	25.67757235	334.5314219	13.02815614	0	1	1	2	4	0	"PK"
33	"10822"	"HEISCO"	0.101507508	0.051813227	13.17115928	0.25069921	0.090964759	10.395017	4.390067378	0.091372028	0.360756219	1.227753601	0.018981914	48.55195798	2.311516933	-34.82739756	1.863258414	21.00437046	395.4535986	18.82720548	0	1	1	2	4	0	"PK"
34	"MG035"	"ALSEBL"	0.175496135	0.071240349	10.91847037	0.013957695	0.187024474	33.53134564	3.044693223	0.110837857	0.455221048	1.106557235	0.016069143	43.443405	3.631150369	-35.26559566	-0.343268422	11.96408867	392.5997105	32.81484459	1	0	1	2	4	0	"NK"
34	"MG036"	"HEISCO"	0.098125532	0.033400164	10.26575919	0.002363183	0.093261526	10.03498444	3.813463921	0.192159396	0.360257985	0.747972851	0.013482682	49.46670557	2.302036602	-34.49670292	0.522686398	21.48823591	661.343597	30.77700747	1	0	1	2	4	0	"NK"
34	"MG037"	"TET2PA"	0.079581591	0.053837148	5.485398028	0.0100401	0.059933887	12.02103784	2.259122325	0.675516281	1.832437129	0.876759435	0.014876284	41.82824509	1.670424182	-35.20905534	0.09474161	25.04049304	477.0777867	19.05225212	1	0	1	2	4	0	"NK"
35	"44507"	"ALSEBL"	0.163228829	0.083124668	20.76576401	0.030890067	0.153050934	14.9547798	8.945447689	0.065352688	0.512621457	2.083893435	0.017665996	41.40437684	3.792243308	-34.36345682	2.477643901	10.9181752	198.6875919	18.1978754	1	1	0	2	4	0	"NP"
35	"16429"	"HEISCO"	0.074500429	0.049084322	9.245268947	0.01212227	0.070479917	7.45754706	4.006922215	0.157802427	0.219522731	1.19941356	0.014597132	50.9946835	2.444163404	-34.05270741	0.857269487	20.86386017	425.1634734	20.3779871	1	1	0	2	4	0	"NP"
35	"16416"	"TET2PA"	0.101281279	0.063084127	6.512358555	0.009548281	0.075226937	3.099637509	3.322369475	0.331154147	1.722140256	0.832886291	0.009131978	43.08990404	1.626657321	-33.77413353	1.304114032	26.4898473	517.3563851	19.53036494	1	1	0	2	4	0	"NP"
36	"MG033"	"ALSEBL"	0.191677415	0.077171054	11.17418082	0.053289778	0.163478626	26.3969585	5.092653674	0.106620661	1.01641878	1.122593511	0.018231782	42.79741964	3.540809323	-36.03447517	0.835534631	12.08690323	381.2370126	31.54133075	0	0	0	2	4	0	"CTL"
36	"MG034"	"HEISCO"	0.102821163	0.06963126	9.482639805	0.05309242	0.086275035	19.54240787	4.732073526	0.150788821	0.810949509	0.924523172	0.015625545	47.21062079	2.520729285	-36.13965036	0.647042255	18.7289532	510.6483238	27.26518233	0	0	0	2	4	0	"CTL"
36	"11215"	"TET2PA"	0.093183568	0.057390613	5.044199149	0.002853728	0.065027739	9.329015745	1.583177344	0.269376981	1.630174158	0.707607417	0.011839906	42.49539091	1.630850108	-35.44171294	1.661570422	26.05720213	600.550388	23.04738571	0	0	0	2	4	0	"CTL"
